223,113.9014433,30.46474331
224,113.9076785,30.47197064
225,113.9134808,30.46140377
226,113.9223188,30.46940883
227,113.8906987,30.40359013
228,113.9174629,30.41465307
229,113.9265248,30.43933764
230,113.9378153,30.43404353
231,113.9342071,30.41426974
232,113.9492563,30.42334482
233,113.9577351,30.42142615
234,113.9373085,30.45898519
235,113.8381724,30.44080177
236,113.8295415,30.43329085
237,113.8349843,30.44345457
238,113.8250394,30.43185932
239,113.8407332,30.42540446
240,113.8341154,30.46844627
241,113.8271306,30.46062736
242,113.8330074,30.45123219
243,113.8364853,30.45924779
244,113.8442992,30.47263143
245,113.8277148,30.44958623
246,113.8249406,30.44725655
247,113.8238199,30.4429696
248,113.8142432,30.4478692
249,113.8099603,30.45428965
250,113.7952777,30.44970504
251,113.8064145,30.41873802
252,113.8170916,30.43170126
253,113.8118776,30.46489751
254,113.8215761,30.47178067
255,113.8029649,30.46630343
256,113.8066906,30.47819187
257,113.8158662,30.47662157
258,113.8127516,30.48571873
259,113.8264276,30.48198759
260,113.8324886,30.48680246
261,113.819805,30.49327998
262,113.8211764,30.46704498
263,113.8427881,30.44677048
264,113.8481382,30.46320681
265,113.8629646,30.42443237
266,113.8711241,30.47588152
267,113.8615459,30.46214303
268,113.874111,30.45131416
269,113.8901358,30.45129576
270,113.9003031,30.44177545
271,113.8843139,30.43168779
272,114.0414719,30.50806475
273,114.0471238,30.50822423
274,114.0414112,30.51038657
275,114.040332,30.51153643
276,114.0444907,30.50676053
277,114.0944683,30.51330406
278,114.0499005,30.50325294
279,114.131756,30.5229446
280,114.1041418,30.51744566
281,114.0495689,30.50876798
282,114.0748128,30.51954042
283,114.0625878,30.52799994
284,114.0599035,30.50727071
285,114.0711703,30.5092771
286,114.0810803,30.5087331
287,114.0921972,30.51226316
288,114.1050015,30.5115677
289,114.1141982,30.51786541
290,114.0999838,30.49508101
291,114.0855072,30.48914105
292,114.0739808,30.48333365
293,114.0685761,30.49089696
294,114.0665987,30.47921275
295,114.0545049,30.49551374
296,114.0589271,30.48787484
297,114.061355,30.47044851
298,114.0483699,30.48373876
299,114.010085,30.49362494
300,114.0051272,30.48574116
301,114.0252921,30.48563562
302,114.0297192,30.4774843
303,114.0205246,30.47684578
304,114.046097,30.46594709
305,114.0166634,30.50508218
306,114.0449706,30.48221438
307,114.0326872,30.48601697
308,114.036235,30.49285918
309,114.0391411,30.5006333
310,114.0504116,30.51384472
311,114.0349401,30.51018287
312,114.0352191,30.52139907
313,114.0425235,30.51537381
314,114.0398281,30.52905694
315,114.0448625,30.53393896
316,113.9663715,30.6533852
317,113.9752388,30.58418608
318,113.9393191,30.60525072
319,113.9305922,30.62550586
320,113.9384936,30.63847562
321,113.941271,30.63054893
322,113.9301025,30.64735955
323,113.9334757,30.65493755
324,113.9420736,30.66669335
325,113.9484516,30.67508914
326,113.9596993,30.67377843
327,113.9594746,30.66064914
328,113.9661356,30.65416177
329,113.9633993,30.65022324
330,113.9770325,30.62864696
331,113.9986167,30.60968633
332,114.0046182,30.60433914
333,114.0253266,30.61300762
334,113.9967817,30.58580272
335,113.9977294,30.59502671
336,113.9808568,30.59950144
337,113.9864476,30.58722452
338,113.9805095,30.58296375
339,113.9785809,30.58870939
340,113.9740231,30.58531932
341,113.9613311,30.57884859
342,113.9865363,30.57364271
343,113.962869,30.60133353
344,113.9550022,30.57871815
345,113.9470422,30.58919512
346,113.9427559,30.58339979
347,113.9467753,30.56960107
348,113.9416972,30.55581951
349,113.9597757,30.56365518
350,113.9743063,30.57283661
351,113.96502,30.59968264
352,113.896545,30.52787989
353,113.8431085,30.51814682
354,113.907224,30.56295299
355,113.8340484,30.50588413
356,113.8470395,30.5087643
357,113.8989843,30.50833258
358,113.8583242,30.50566461
359,113.8501259,30.50105732
360,113.8437622,30.49565099
361,113.8598748,30.49149798
362,113.8674684,30.50542082
363,113.8701528,30.49845797
364,113.8784481,30.5140138
365,113.8815518,30.50122607
366,113.8996471,30.52730547
367,113.9237249,30.53720773
368,113.9193684,30.54359955
369,113.8942856,30.51526125
370,113.8518778,30.52842802
371,113.9110442,30.52705739
372,113.8896762,30.56660892
373,113.8846737,30.55373355
374,113.883679,30.53848896
375,113.8909997,30.54525944
376,113.9005145,30.55009316
377,113.912213,30.54903354
378,113.9173293,30.55997061
379,113.9189891,30.56575194
380,113.9804638,30.52357273
381,114.000736,30.56386383
382,113.9912483,30.54719388
383,113.9614266,30.55228992
384,113.9556364,30.54185907
385,114.1228032,30.53196638
386,114.043186,30.52931971
387,113.9810789,30.53378693
388,113.9643822,30.52847675
389,113.9811472,30.52141518
390,113.9729509,30.52048903
391,113.9751829,30.5076264
392,113.9632935,30.51306523
393,113.9629896,30.4981974
394,113.9501171,30.50073204
395,113.9415506,30.51381346
396,113.9237625,30.50437502
397,113.933481,30.49579953
398,113.9760234,30.55551123
399,113.7726485,30.31629629
400,113.7886026,30.26578125
401,113.7677156,30.29504023
402,113.7794598,30.32033452
403,113.8379245,30.31846504
404,113.7750609,30.35663992
405,113.7516025,30.36009509
406,113.7618805,30.33223702
407,113.8482675,30.2709437
408,113.8646695,30.29254435
409,113.8792055,30.30605813
410,113.8933027,30.31742132
411,113.90215,30.33080027
412,113.935835,30.373794
413,113.9457505,30.38786164
414,113.9950704,30.36765318
415,113.9648253,30.38197714
416,114.0408299,30.37025577
417,114.0035322,30.37221035
418,113.9810994,30.38156158
419,113.9448806,30.37435321
420,113.82779,30.38505262
421,113.8155902,30.36841112
422,113.8480025,30.36568395
423,113.8501879,30.37490472
424,113.8596538,30.36830787
425,113.8558969,30.38552667
426,113.8367988,30.40722096
427,113.8993942,30.39213174
428,113.8476502,30.38436013
429,113.8486656,30.39281835
430,114.0388572,30.42858243
431,114.0492454,30.45564009
432,114.0631837,30.44717038
433,114.0536278,30.44877239
434,114.0488846,30.45587324
435,114.0415501,30.43432993
436,114.0301812,30.43447704
437,114.0345904,30.43293592
438,114.0461943,30.42477558
439,114.0512756,30.43276882
440,114.0295465,30.42390879
441,114.0342194,30.41752835
442,114.0759053,30.56489673
443,114.1185601,30.55707382
444,114.095299,30.55692807
445,114.1177952,30.55143519
446,114.1159533,30.55610398
447,114.0551769,30.57275874
448,114.0843487,30.53644246
449,114.094888,30.54827576
450,114.1087601,30.53968462
451,114.11621,30.5631161
452,114.1272614,30.54485959
453,114.0788384,30.57167205
454,114.0810273,30.56574262
455,114.0776102,30.56048354
456,114.097104,30.57279145
457,114.086254,30.55584418
458,114.076596,30.55040793
459,114.0679073,30.54807055
460,114.0784295,30.54095229
461,114.0939676,30.55827224
462,114.0951716,30.59048332
463,114.1246148,30.5583845
464,114.1050612,30.55121216
465,114.1270427,30.55801025
466,114.1161038,30.58826994
467,114.057726,30.58361931
468,114.0439311,30.58407803
469,114.0534189,30.56012563
470,114.0482125,30.5706492
471,114.0679838,30.56503577
472,114.0722506,30.57403881
473,114.0693509,30.58925651
474,114.0492006,30.55872214
475,113.7139478,30.40660536
476,113.7103181,30.40250475
477,113.7525405,30.39837566
478,113.7912623,30.41831639
479,113.7084808,30.38730023
480,113.7649334,30.42371274
481,113.7269242,30.39323453
482,113.7182203,30.4110483
483,113.7305181,30.42100072
484,114.3095696,30.34239347
485,114.3169265,30.35434613
486,114.3280864,30.35023215
487,114.3185759,30.34802929
488,114.3129749,30.34203919
489,114.310053,30.35191729
490,114.3092793,30.34805281
491,114.2994339,30.34208434
492,114.308529,30.35605779
493,114.3052498,30.34333731
494,114.3015201,30.3478926
495,114.3445033,30.31034509
496,114.302825,30.31773677
497,114.2990921,30.3238035
498,114.3225291,30.36384512
499,114.3147981,30.36365505
500,114.3307907,30.35644604
501,114.3283123,30.36107226
502,114.320628,30.35523612
503,114.3259777,30.34408251
504,114.324301,30.36823556
505,114.3098418,30.36445087
506,114.3360249,30.34933104
507,114.3377895,30.35052514
508,114.3438073,30.35625318
509,114.3343487,30.33942627
510,114.3405315,30.31527999
511,114.3002532,30.32676319
512,114.3098605,30.31646031
513,114.3356563,30.28515101
514,114.3094147,30.28857049
515,114.3620838,30.30409417
516,114.3816426,30.28939194
517,114.1291708,30.34082443
518,114.1234474,30.29998787
519,114.1304356,30.29667818
520,114.1287595,30.33833278
521,114.1292761,30.33259122
522,114.1199477,30.29975835
523,114.1406811,30.35633882
524,114.1840166,30.34609043
525,114.1341691,30.33543765
526,114.1401458,30.32177158
527,114.1315075,30.31122811
528,114.1418304,30.33652404
529,114.119307,30.31720235
530,114.1416818,30.3292862
531,114.1511053,30.33976903
532,114.1565425,30.3150339
533,114.1865236,30.30165462
534,114.1771213,30.31024603
535,114.1987164,30.31548147
536,114.200187,30.29858456
537,114.2158678,30.31640314
538,114.2263608,30.34838704
539,114.2151199,30.34231149
540,114.2036144,30.3356091
541,114.1873602,30.34078053
542,114.1201496,30.28436239
543,114.1293755,30.27260107
544,114.1364598,30.2574994
545,114.1445089,30.24030392
546,114.100191,30.29831698
547,114.1091556,30.30092331
548,114.0991252,30.26562983
549,114.0891624,30.25056219
550,114.0890484,30.23929604
551,114.0734899,30.22936751
552,114.0716494,30.21904831
553,114.0894173,30.22026884
554,114.0438866,30.20991082
555,114.1072145,30.23566416
556,114.1150814,30.24080601
557,114.1073194,30.2221995
558,114.117324,30.2217897
559,114.1232172,30.23907491
560,114.1444201,30.23276768
561,114.162781,30.23506038
562,114.1531663,30.2552354
563,114.1523813,30.26774796
564,114.1653113,30.25731303
565,114.173945,30.26335916
566,114.1826395,30.27876273
567,114.1755071,30.33120086
568,114.1667175,30.28608702
569,114.1473415,30.2960019
570,114.1402091,30.2889252
571,114.3232815,30.26433786
572,114.3168193,30.26865037
573,114.3242214,30.21102455
574,114.2984544,30.25731987
575,114.3161668,30.24617945
576,114.3540897,30.25019455
577,114.368913,30.26686007
578,114.3973596,30.25801989
579,114.3307848,30.25700416
580,114.3817183,30.16465418
581,114.3604761,30.14257692
582,114.3330728,30.14358059
583,114.3441731,30.16521729
584,114.355442,30.17995219
585,114.3194966,30.18573711
586,114.3097317,30.20220997
587,114.2922657,30.21425087
588,114.3235674,30.23012274
589,114.3357527,30.20013126
590,114.3810925,30.23398348
591,114.4088302,30.20535515
592,114.3907421,30.20887153
593,114.4003666,30.23397745
594,114.4295352,30.22251488
595,114.3584777,30.20558342
596,114.3606437,30.22566969
597,114.3478602,30.22571678
598,114.3635674,30.21817282
599,114.373921,30.2033029
600,114.3743681,30.19872918
601,114.3740899,30.19810493
602,114.3777302,30.19350934
603,114.143032,30.34281552
604,114.3211086,30.3447546
605,114.2981725,30.35113949
606,114.300878,30.32450663
607,114.1990694,30.39825467
608,114.2016808,30.38122212
609,114.2070163,30.37139244
610,114.1884268,30.35826709
611,114.1802363,30.38054456
612,114.1490082,30.35856869
613,114.1569837,30.37657179
614,114.1734765,30.38858504
615,114.2537153,30.33262742
616,114.2741,30.27019202
617,114.2704339,30.33242652
618,114.2291912,30.2965249
619,114.2772495,30.29403411
620,114.2950529,30.33253481
621,114.2691126,30.31350405
622,114.2431193,30.32742199
623,114.2533117,30.35583617
624,114.254391,30.36930111
625,114.2403816,30.38239265
626,114.2253212,30.37769765
627,114.2311448,30.36206711
628,114.2516949,30.3443708
629,114.275834,30.26774044
630,114.2521914,30.25548787
631,114.2506765,30.2818435
632,114.219268,30.26647193
633,114.2744312,30.23987538
634,114.2800077,30.22554185
635,114.253413,30.23400209
636,114.2483081,30.21450492
637,114.2262738,30.22623291
638,114.3886635,30.33745457
639,114.3849696,30.32900301
640,114.3888862,30.3427071
641,114.4017645,30.29039573
642,114.4050549,30.35268143
643,114.4106344,30.32522071
644,114.4231962,30.30725856
645,114.4193576,30.29043784
646,114.439381,30.2859308
647,114.1182501,30.30034513
648,114.1270832,30.29943056
649,114.1180542,30.29721889
650,114.146649,30.2187707
651,114.1238556,30.21976044
652,114.1309016,30.1932336
653,114.1172239,30.20600047
654,114.1541429,30.20424929
655,114.1452047,30.21149283
656,114.1078068,30.25670665
657,114.0810763,30.23543403
658,114.1169661,30.29322838
659,114.1570822,30.20523513
660,114.1415867,30.22693826
661,114.1575074,30.15659973
662,114.2154741,30.14851643
663,114.1981308,30.14997795
664,114.1927581,30.17278503
665,114.1764461,30.15855323
666,114.1854419,30.15157969
667,114.1608513,30.15644879
668,114.1639581,30.17608083
669,114.1771378,30.17651689
670,114.1740037,30.18898849
671,114.1577614,30.18992869
672,114.1435877,30.1680329
673,114.1396127,30.18644626
674,114.1213458,30.1954104
675,114.1310528,30.17010956
676,114.1481931,30.15139347
677,114.1582984,30.13099774
678,114.1624616,30.11590866
679,114.1667584,30.10943895
680,114.1763938,30.11453647
681,114.1931952,30.11353734
682,114.17894,30.12877052
683,114.1818999,30.0985364
684,114.2881959,30.15367263
685,114.3097847,30.13628238
686,114.2947311,30.12330097
687,114.2939021,30.15651488
688,114.2986685,30.17275102
689,114.2821433,30.17728035
690,114.2835509,30.14251799
691,114.2591474,30.18942825
692,114.2179693,30.19510281
693,114.234828,30.1611168
694,114.2454907,30.14282242
695,114.2624736,30.15627398
696,114.2304207,30.1179919
697,114.2458943,30.11018586
698,114.2216258,30.06567578
699,114.2680382,30.11911859
700,114.2803137,30.09267312
701,114.2730992,30.10035523
702,114.2884169,30.19583891
703,114.4602391,30.01848411
704,114.4515265,30.08689528
705,114.436207,30.06889752
706,114.4206244,30.06769516
707,114.4157767,30.05673104
708,114.4347105,30.04855049
709,114.4533056,30.05766038
710,114.4469118,30.03667732
711,114.4253648,30.02965409
712,114.4330764,30.01502143
713,114.4576614,30.01893215
714,114.4649527,30.00527276
715,114.4773731,29.99703478
716,114.470173,30.03551691
717,114.4720442,30.05869972
718,114.4831557,30.02664918
719,114.4873691,30.01462175
720,114.5013656,30.00465981
721,114.4950604,29.99187092
722,114.510191,29.98745319
723,114.5237863,29.98274359
724,114.524423,30.00196001
725,114.527324,30.0139059
726,114.5094885,30.01253455
727,114.516215,30.03026372
728,114.3455345,30.0903819
729,114.3117387,30.09081032
730,114.357179,30.03756305
731,114.4120773,30.10744796
732,114.2683653,30.07163933
733,114.3682293,30.11921937
734,114.3481372,30.12395019
735,114.324677,30.11654924
736,114.3111113,30.10284752
737,114.3006825,30.09023084
738,114.3502669,30.09852735
739,114.3466077,30.08933954
740,114.33702,30.09922296
741,114.3336827,30.0859871
742,114.3400915,30.07187469
743,114.3078652,30.07740449
744,114.3557906,30.0779373
745,114.3682542,30.07706553
746,114.3191407,30.06699084
747,114.3707281,30.10014777
748,114.3313916,30.11604169
749,114.409919,30.03154353
750,114.3927941,30.05418059
751,114.3939967,30.06958093
752,114.3805222,30.03952159
753,114.3602905,30.04319623
754,114.3634721,30.05911431
755,114.3392194,30.05747671
756,114.3451156,30.04325629
757,114.3174799,30.03547443
758,114.3052005,30.04378066
759,114.4007914,30.12340566
760,114.4039897,30.10445221
761,114.3862958,30.09271246
762,114.4025342,30.08452685
763,114.4249007,30.08644754
764,114.4320311,30.09721049
765,114.4352362,30.11109986
766,114.2609937,30.05836499
767,114.2644258,30.0775001
768,114.2589796,30.03943687
769,114.247756,30.02134319
770,114.2768879,30.02136888
771,114.2908328,30.05206931
772,114.2849298,30.07128842
773,114.2376745,30.05815586
774,114.2738482,30.01195029
775,114.4552043,30.10474956
776,114.504612,30.11221845
777,114.5230075,30.20810959
778,114.5056676,30.19072255
779,114.4937434,30.19897878
780,114.5005296,30.17504529
781,114.4911668,30.16665528
782,114.4911437,30.1491631
783,114.4959825,30.1395446
784,114.4876236,30.11906698
785,114.5089052,30.08675272
786,114.5290792,30.0847438
787,114.4836483,30.0959215
788,114.4904247,30.07803751
789,114.4795643,30.07116107
790,114.5089413,30.04485002
791,114.5012349,30.06061557
792,114.5167601,30.06333638
793,114.5298121,30.06095018
794,114.5394016,30.03906111
795,114.4764457,30.19301144
796,114.4908197,30.04489561
797,114.3523655,30.36045986
798,114.3808603,30.36665992
799,114.3836412,30.37841259
800,114.3452722,30.3470627
801,114.3643346,30.33344607
802,114.3709168,30.42065529
803,114.3610581,30.41222683
804,114.3690742,30.40632596
805,114.3500595,30.38095834
806,114.3536625,30.4156913
807,114.4262947,30.41230301
808,114.4317117,30.42854962
809,114.4127204,30.43442349
810,114.4128803,30.40134748
811,114.4265133,30.41890798
812,114.39601,30.37641416
813,114.4174265,30.37211373
814,114.4198375,30.35190729
815,114.4331088,30.3808862
816,114.3056544,30.41244476
817,114.2737101,30.37995939
818,114.2833041,30.40954559
819,114.2881571,30.39706325
820,114.2542292,30.39841049
821,114.2502968,30.41277201
822,114.29615,30.43803167
823,114.3035147,30.41683397
824,114.3162117,30.42485723
825,114.3057364,30.40701946
826,114.3225194,30.4094921
827,114.3189556,30.386775
828,114.304349,30.37810685
829,114.3070259,30.42790791
830,114.3134289,30.41427783
831,114.3254336,30.40783506
832,114.3136573,30.39381423
833,114.3125039,30.37539451
834,114.4484682,30.25472069
835,114.4600563,30.26911889
836,114.445915,30.13718355
837,114.4336588,30.16545109
838,114.4155428,30.14148659
839,114.4294948,30.13261848
840,114.4801754,30.20845909
841,114.3730435,30.21537312
842,114.4505459,30.26210826
843,114.4495321,30.26281958
844,114.4486175,30.26366447
845,114.44763,30.26408158
846,114.4467625,30.26496706
847,114.453252,30.26655772
848,114.4504624,30.2670223
849,114.450977,30.26758593
850,114.4512289,30.26796732
851,114.4501712,30.26807152
852,114.5087787,30.32059497
853,114.3745887,30.86902237
854,114.3654106,30.87124449
855,114.3673037,30.86755033
856,114.3807781,30.87848714
857,114.3757771,30.86425417
858,114.3849185,30.86971633
859,114.3611917,30.88497974
860,114.3629985,30.87850732
861,114.3746056,30.87321614
862,114.3719736,30.8796469
863,114.3562608,30.87459295
864,114.3693507,30.87592488
865,114.3594149,30.86764989
866,114.3593968,30.89727462
867,114.3560899,30.87684835
868,114.3673293,30.88132679
869,114.3761961,30.88156231
870,114.3658899,30.87419428
871,114.3689218,30.86301689
872,114.3723048,30.89191269
873,114.3481142,30.88967239
874,114.3316774,30.88603866
875,114.3429403,30.87537325
876,114.3475908,30.8654863
877,114.3457462,30.85415391
878,114.3101672,30.89022648
879,114.3130073,30.91026624
880,114.3278526,30.91605705
881,114.3201758,30.89826702
882,114.2992692,30.90023958
883,114.35899,30.86018013
884,114.3441923,30.84251812
885,114.3531926,30.83920459
886,114.351171,30.82705033
887,114.357089,30.81188738
888,114.3669817,30.82593165
889,114.373645,30.83459936
890,114.383527,30.84733772
891,114.375274,30.85194945
892,114.3630488,30.8510481
893,114.3576069,30.91403586
894,114.3508664,30.90727396
895,114.3691428,30.91116876
896,114.3370294,30.90792394
897,114.3332163,30.90008743
898,114.3734282,30.93386245
899,114.3735532,30.92517587
900,114.3931906,30.92731983
901,114.2999877,30.8806458
902,114.2988111,30.86926128
903,114.3071082,30.85732808
904,114.3133759,30.84550286
905,114.3294687,30.86075503
906,114.3168994,30.87140552
907,114.3264201,30.87368605
908,114.3245476,30.8484197
909,114.3325489,30.84020457
910,114.4011401,30.91371206
911,114.3868939,30.91399509
912,114.3870117,30.89658784
913,114.4019483,30.90217483
914,114.4092892,30.89377993
915,114.3985017,30.88013811
916,114.4292742,30.89120405
917,114.4225945,30.88015833
918,114.4271577,30.86956435
919,114.425215,30.86149296
920,114.4165174,30.85805492
921,114.4061757,30.86918262
922,114.3931782,30.86711345
923,114.3950807,30.8587337
924,114.3963482,30.85614142
925,114.3946524,30.84103292
926,114.3975857,30.82812632
927,114.4120636,30.82566918
928,114.41131,30.84026837
929,114.4224929,30.84140769
930,114.4232794,30.82304758
931,114.2274513,30.88120473
932,114.2268777,30.87732993
933,114.2297279,30.93653598
934,114.2212443,30.87010467
935,114.2415746,30.88970832
936,114.2254168,30.90556899
937,114.2260371,30.89046191
938,114.2082476,30.90011863
939,114.1859311,30.86469052
940,114.2026563,30.87803535
941,114.1814762,30.82893472
942,114.2010825,30.86225655
943,114.2099646,30.88285966
944,114.177083,30.88006334
945,114.1618991,30.91165359
946,114.1633273,30.90039143
947,114.172209,30.89142607
948,114.1805658,30.90245945
949,114.1924629,30.89552069
950,114.1903296,30.88627222
951,114.1700072,30.87313763
952,114.1571798,30.88876293
953,114.2319024,30.84339449
954,114.2317065,30.85004218
955,114.2457037,30.84327855
956,114.247611,30.85928831
957,114.2581028,30.85442724
958,114.240647,30.86900443
959,114.2281307,30.8572053
960,114.2633716,30.88594225
961,114.2470212,30.87708403
962,114.2653433,30.86267362
963,114.2742528,30.87417173
964,114.2859193,30.88788747
965,114.2225194,30.88134857
966,114.2315501,30.87858073
967,114.1648681,30.93644875
968,114.1626031,30.95262401
969,114.1713843,30.9249273
970,114.1792873,30.96851124
971,114.1798495,30.94657305
972,114.19831,30.94818662
973,114.189669,30.93082375
974,114.1855663,30.91728999
975,114.1943345,30.90888278
976,114.2100776,30.92002183
977,114.2056323,30.93449245
978,114.2284964,30.93140997
979,114.2213175,30.94301015
980,114.2334576,30.95446399
981,114.2484568,30.94283285
982,114.2407717,30.93246874
983,114.235496,30.91644456
984,114.2527159,30.91634612
985,114.2452451,30.90115562
986,114.2545243,30.89830213
987,114.263353,30.90190296
988,114.2759409,30.914151
989,114.2885687,30.9108378
990,114.2818632,30.90035941
991,114.2946944,30.79845512
992,114.2918564,30.80565375
993,114.2875991,30.80598748
994,114.2860437,30.8118941
995,114.2956051,30.80514774
996,114.2879535,30.79722719
997,114.278648,30.8049769
998,114.286964,30.80234975
999,114.2690749,30.74942744
1000,114.2723729,30.81189885
1001,114.2598592,30.81388247
1002,114.2778305,30.82353877
1003,114.2639635,30.82935907
1004,114.3292806,30.82094349
1005,114.3424967,30.82481367
1006,114.3430057,30.7980015
1007,114.3193003,30.83121661
1008,114.335025,30.80939819
1009,114.3610798,30.80493044
1010,114.2848036,30.85813731
1011,114.2703155,30.84192641
1012,114.2960645,30.84277155
1013,114.2850129,30.83028878
1014,114.3006591,30.81618497
1015,114.3095007,30.80133781
1016,114.2679528,30.80003861
1017,114.328121,30.7919174
1018,114.3070277,30.77947425
1019,114.3226315,30.80377517
1020,114.2668378,30.78206444
1021,114.2791668,30.79141911
1022,114.2934147,30.77200206
1023,114.2570248,30.748616
1024,114.274157,30.74886759
1025,114.2767342,30.7827366
1026,114.3161165,30.78496483
1027,114.2490647,30.81785103
1028,114.2493106,30.80116824
1029,114.2525187,30.78333653
1030,114.2358785,30.80186271
1031,114.2494263,30.7909648
1032,114.3349533,31.01854785
1033,114.3023917,30.95687804
1034,114.3649334,30.97047965
1035,114.3605259,30.94886842
1036,114.3495271,30.93278238
1037,114.3455894,30.94913991
1038,114.3324637,30.94474514
1039,114.3421509,30.96694669
1040,114.2836948,30.9348625
1041,114.3005781,30.92382109
1042,114.2739636,30.9264984
1043,114.2679557,30.9427398
1044,114.3351915,30.92731043
1045,114.3174552,30.93740617
1046,114.3178051,30.92565549
1047,114.260734,30.972853
1048,114.2590737,30.95708231
1049,114.2721083,30.96904157
1050,114.2641532,30.97986469
1051,114.2758378,30.97950439
1052,114.2849027,30.98056876
1053,114.2866272,30.99881223
1054,114.3038398,30.96704354
1055,114.2915532,30.96718129
1056,114.2917416,30.98737501
1057,114.3091457,30.97579591
1058,114.3018567,30.98171044
1059,114.328631,30.95862014
1060,114.286841,30.95777538
1061,114.3163172,30.96234056
1062,114.2921762,30.94198269
1063,114.3048098,30.9543686
1064,114.3244354,31.04839277
1065,114.3117693,31.03857599
1066,114.2987362,31.03113222
1067,114.3181637,31.01150615
1068,114.3112634,31.00093243
1069,114.3031488,31.01134673
1070,114.3212616,31.01946519
1071,114.3251869,31.02775732
1072,114.3249346,30.98694927
1073,114.3395574,31.03280884
1074,114.3484454,30.98639027
1075,114.3390777,31.0189661
1076,114.3427298,31.00464027
1077,114.3279208,31.00483817
1078,114.3696434,30.98848729
1079,114.3470437,30.71282059
1080,114.3488719,30.71748591
1081,114.3390073,30.71561292
1082,114.344326,30.71776775
1083,114.3470606,30.72249648
1084,114.358143,30.77481893
1085,114.3496214,30.76751907
1086,114.3534018,30.78593687
1087,114.340009,30.77405047
1088,114.3233021,30.76154222
1089,114.3094637,30.76201207
1090,114.3022143,30.74086141
1091,114.3302921,30.73759162
1092,114.3466861,30.7336047
1093,114.3458243,30.71677436
1094,114.3538651,30.71271885
1095,114.3374201,30.71510948
1096,114.3627226,30.74852973
1097,114.3510871,30.6984825
1098,114.3323331,30.68753457
1099,114.49364,30.8777645
1100,114.5785053,30.88320144
1101,114.4904523,30.89180228
1102,114.500803,30.87147783
1103,114.4980245,30.87638006
1104,114.5018211,30.87760608
1105,114.4900702,30.88071412
1106,114.5029383,30.87492343
1107,114.4792585,30.88352855
1108,114.4969698,30.85978289
1109,114.4822811,30.85649992
1110,114.4897826,30.83231566
1111,114.5189047,30.88234235
1112,114.5141201,30.86669672
1113,114.5152835,30.83879108
1114,114.5068035,30.89235992
1115,114.4728948,30.89533289
1116,114.4964288,30.90906331
1117,114.4813949,30.91344215
1118,114.4655072,30.91129912
1119,114.4487763,30.8980832
1120,114.4532045,30.88578093
1121,114.4677675,30.87416604
1122,114.450215,30.86485248
1123,114.4681965,30.86035699
1124,114.4546582,30.85131879
1125,114.4402962,30.85966285
1126,114.4330681,30.84820381
1127,114.4546066,30.83356197
1128,114.4498032,30.81730331
1129,114.4409785,30.83124565
1130,114.4368875,30.82575768
1131,114.4305363,30.83346669
1132,114.4333952,30.80993984
1133,114.4856643,30.7973605
1134,114.5969675,30.87137363
1135,114.596451,30.88212737
1136,114.5972633,30.89070167
1137,114.5962534,30.90241691
1138,114.5997246,30.9158072
1139,114.605375,30.90625692
1140,114.6018014,30.93251752
1141,114.5884739,30.92673552
1142,114.5746872,30.91474246
1143,114.5566876,30.90220162
1144,114.5681627,30.88947911
1145,114.5820646,30.89761026
1146,114.5650207,30.88074732
1147,114.5840611,30.85917713
1148,114.5843897,30.84983478
1149,114.5736602,30.87184329
1150,114.5844572,30.87276854
1151,114.5420837,30.88377831
1152,114.5362072,30.88919873
1153,114.5388887,30.8695948
1154,114.5422776,30.86047312
1155,114.5652712,30.86000492
1156,114.5598018,30.84827721
1157,114.5422677,30.8484729
1158,114.5572673,30.83469921
1159,114.545115,30.82767684
1160,114.5646201,30.82947906
1161,114.47943,30.7663741
1162,114.5554513,30.8612727
1163,114.2165932,30.80265563
1164,114.2049853,30.76917813
1165,114.222101,30.80278203
1166,114.184482,30.78756728
1167,114.2324397,30.77712189
1168,114.2147941,30.7567302
1169,114.2303257,30.76167107
1170,114.2167532,30.80725318
1171,114.2081235,30.79641376
1172,114.1979336,30.79881486
1173,114.1846372,30.79882618
1174,114.189476,30.78740288
1175,114.1953523,30.81372392
1176,114.2108851,30.80792778
1177,114.219234,30.81210597
1178,114.2386419,30.83042949
1179,114.2357243,30.81778746
1180,114.2547495,30.83529266
1181,114.2179041,30.82487521
1182,114.2207325,30.83458466
1183,114.2022457,30.83210107
1184,114.1880826,30.81179642
1185,114.4146116,30.96424679
1186,114.4470725,31.0059374
1187,114.3917732,31.0270471
1188,114.3774497,31.00953081
1189,114.3664559,31.00173484
1190,114.3820819,30.99491609
1191,114.3878082,30.98595017
1192,114.4002426,31.00620095
1193,114.3993125,30.99021912
1194,114.4228339,30.99148541
1195,114.4144201,30.98330786
1196,114.410276,30.974889
1197,114.4205061,30.96867941
1198,114.4313353,30.95696783
1199,114.4512167,30.94779048
1200,114.4156274,30.93548749
1201,114.4268952,30.9390935
1202,114.4222685,30.90636594
1203,114.4720628,30.93323781
1204,114.4551526,30.92192676
1205,114.420218,30.92222891
1206,114.4346705,30.9112815
1207,114.440213,30.93265264
1208,114.4017355,30.93237832
1209,114.3831542,30.94661732
1210,114.4032488,30.95224942
1211,114.405612,30.96233888
1212,114.391015,30.97016599
1213,114.4517247,31.04007152
1214,114.4453221,31.04301034
1215,114.4603909,31.02581378
1216,114.4442312,31.02536037
1217,114.4358169,31.02508899
1218,114.4257806,31.01328775
1219,114.4357326,31.0053978
1220,114.4472465,30.99951439
1221,114.4535456,31.0138752
1222,114.4376254,30.98149163
1223,114.4586254,30.99760202
1224,114.4741304,30.98932508
1225,114.489277,30.97653229
1226,114.4912024,30.98928868
1227,114.4886784,31.01532513
1228,114.5030045,30.96646436
1229,114.4665551,30.97712374
1230,114.4627016,30.95993606
1231,114.4869977,30.9542539
1232,114.4683274,30.94755418
1233,114.3469659,31.09642969
1234,114.2947334,31.15054222
1235,114.3231501,31.17149119
1236,114.3401443,31.17160682
1237,114.3779147,31.17658904
1238,114.362954,31.15519719
1239,114.3347784,31.15319994
1240,114.3446215,31.13639634
1241,114.380194,31.15579841
1242,114.377119,31.14268658
1243,114.3687794,31.12554722
1244,114.3671523,31.11350648
1245,114.3629747,31.08362949
1246,114.3565552,31.06156868
1247,114.3481433,31.11749187
1248,114.3339079,31.10517941
1249,114.3429263,31.0888569
1250,114.3419844,31.09010131
1251,114.3415295,31.09621074
1252,114.3513848,31.09783897
1253,114.3430315,31.08566204
1254,114.3226545,31.09051591
1255,114.3336836,31.07373011
1256,114.3335702,31.05779695
1257,114.2794048,31.09084525
1258,114.2908841,31.10161243
1259,114.3055041,31.09555476
1260,114.3097205,31.06622472
1261,114.2668279,31.2123581
1262,114.2905127,31.17723972
1263,114.2892336,31.15051593
1264,114.3050082,31.13976116
1265,114.2922601,31.12941569
1266,114.2675309,31.11499252
1267,114.265141,31.10267258
1268,114.2553565,31.14404443
1269,114.253845,31.16770112
1270,114.2313683,31.01468114
1271,114.2343365,31.01787335
1272,114.2343325,31.02045373
1273,114.2115348,31.11508928
1274,114.17092,31.00114053
1275,114.2507119,30.98975407
1276,114.181866,30.9848698
1277,114.2016419,30.99120342
1278,114.2133608,30.98419185
1279,114.1981724,30.97460166
1280,114.2132144,30.96584357
1281,114.221326,30.96660715
1282,114.2057845,30.95560618
1283,114.2289716,30.97473906
1284,114.2418703,30.96892856
1285,114.2392321,30.98483609
1286,114.2295544,30.99568074
1287,114.2199286,30.99430323
1288,114.2459572,31.00126221
1289,114.2647412,30.99839605
1290,114.2785656,31.01286745
1291,114.2664998,31.03487988
1292,114.2541166,31.0208046
1293,114.2408568,31.01855795
1294,114.2291362,31.03725641
1295,114.2149969,31.03372383
1296,114.2295683,31.02469421
1297,114.2313794,31.01180973
1298,114.2123687,31.01694076
1299,114.2160526,31.00526311
1300,114.205227,31.00681961
1301,114.1955142,31.07908144
1302,114.2085221,31.07017222
1303,114.2426009,31.07240632
1304,114.2546611,31.04441703
1305,114.2243775,31.05256308
1306,114.2338421,31.04532289
1307,114.2494404,31.0603899
1308,114.1585173,31.02981185
1309,114.2115062,31.09138107
1310,114.2352822,31.09446151
1311,114.2045293,31.09715708
1312,114.2028868,31.10150745
1313,114.1818113,31.10672367
1314,114.184731,31.09351682
1315,114.1852921,31.0842329
1316,114.1932221,31.09297145
1317,114.1961696,31.05968216
1318,114.22455,31.06621115
1319,114.2143185,31.04794808
1320,114.2237745,31.04305672
1321,114.1731567,31.03592692
1322,114.1849392,31.0337014
1323,114.2030429,31.02928513
1324,114.1980165,31.04112111
1325,114.1824148,31.04871669
1326,114.1726828,31.01632843
1327,114.1789671,31.00776324
1328,114.189636,31.01633816
1329,114.1674775,31.01396151
1330,114.1928412,30.99357801
1331,114.2003779,31.05983065
1332,114.2066363,31.07062199
1333,114.2062293,31.07127351
1334,114.2013081,31.07356459
1335,114.1957667,31.09041354
1336,114.3679236,31.21715771
1337,114.3605461,31.22590408
1338,114.3744649,31.22331132
1339,114.3760933,31.20819791
1340,114.3623092,31.20742473
1341,114.4262723,31.30836301
1342,114.3997524,31.30979838
1343,114.381574,31.30769727
1344,114.380307,31.29970885
1345,114.3924439,31.2967172
1346,114.4122961,31.29616999
1347,114.4025758,31.27779508
1348,114.386276,31.28821867
1349,114.37516,31.28057441
1350,114.3852498,31.27110682
1351,114.3941171,31.2558634
1352,114.3760328,31.26105639
1353,114.3425354,31.25594692
1354,114.3214387,31.24990198
1355,114.3252929,31.2377873
1356,114.3402366,31.23506275
1357,114.3505609,31.22319701
1358,114.3702477,31.24153681
1359,114.3860269,31.2406509
1360,114.3907539,31.22682905
1361,114.3270485,31.21564674
1362,114.3482361,31.19387435
1363,114.3657114,31.18259949
1364,114.4013847,31.21457014
1365,114.3931953,31.19185748
1366,114.3995452,31.16763932
1367,114.4140407,31.18161517
1368,114.4125599,31.19777553
1369,114.4240596,31.20151576
1370,114.4384595,31.19668883
1371,114.4607823,31.19119385
1372,114.3449099,31.21359529
1373,114.5323675,30.92629098
1374,114.5279072,30.92572903
1375,114.5859215,30.95253301
1376,114.5762739,30.93718701
1377,114.5558091,30.94425239
1378,114.575912,30.96095805
1379,114.5211494,30.91798521
1380,114.5213748,30.92633261
1381,114.5579406,30.92720199
1382,114.5211762,30.90506804
1383,114.5157951,30.95264012
1384,114.5399232,30.92155013
1385,114.5176279,30.96456338
1386,114.5341567,30.96722324
1387,114.5353788,30.90821901
1388,114.5071524,30.91294393
1389,114.511621,30.934807
1390,114.5008059,30.92640503
1391,114.539239,30.95464472
1392,114.5647222,30.96086335
1393,114.5494119,30.96271758
1394,114.5277929,30.94215103
1395,114.5959516,30.95328706
1396,114.5009815,30.94071808
1397,114.4892626,30.94279536
1398,114.5577982,30.9723021
1399,114.5387075,30.93527086
1400,114.5107266,30.98376463
1401,114.5308881,30.98418549
1402,114.5283417,30.9967018
1403,114.5031628,30.99885968
1404,114.5110284,31.00538537
1405,114.5201076,31.00418431
1406,114.4966202,31.00937013
1407,114.5468027,30.98520533
1408,114.5215673,30.97826334
1409,114.4159452,30.70207866
1410,114.4060475,30.69791171
1411,114.4196667,30.70240376
1412,114.3995718,30.70661503
1413,114.3895178,30.73418007
1414,114.4169478,30.72475913
1415,114.3983325,30.74567619
1416,114.4084249,30.70757261
1417,114.4012688,30.72473983
1418,114.4329394,30.709366
1419,114.4191518,30.71797417
1420,114.4854625,30.70927123
1421,114.4020142,30.74281292
1422,114.4035597,30.7820017
1423,114.4079768,30.78626566
1424,114.408758,30.78649532
1425,114.4144389,30.78608106
1426,114.4251742,30.7443658
1427,114.4125246,30.74850849
1428,114.424975,30.77910976
1429,114.4316478,30.76529657
1430,114.4081528,30.79116057
1431,114.3935819,30.77940941
1432,114.419709,30.77933938
1433,114.4329466,30.73562033
1434,114.3809432,30.79206551
1435,114.3800139,30.78811397
1436,114.3897152,30.76493945
1437,114.3848474,30.75985605
1438,114.3724568,30.73748666
1439,114.3836763,30.76310181
1440,114.4009999,30.77219603
1441,114.454512,30.76294524
1442,114.2923296,31.29024251
1443,114.1871442,31.25320723
1444,114.2226808,31.23036155
1445,114.24108,31.24342067
1446,114.3172986,31.1813424
1447,114.3063965,31.19261772
1448,114.3081014,31.19366909
1449,114.285143,31.22007077
1450,114.2472395,31.24600927
1451,114.2290286,31.27111101
1452,114.2491578,31.26005449
1453,114.2617189,31.26768535
1454,114.2873863,31.23879085
1455,114.2560011,31.32525198
1456,114.2649606,31.30820735
1457,114.2590873,31.29665681
1458,114.250949,31.28747046
1459,114.2370196,31.30848105
1460,114.2051853,31.29995654
1461,114.2604349,31.27904063
1462,114.3117996,31.27586261
1463,114.3289413,31.29645053
1464,114.2803842,31.2828177
1465,114.2875176,31.2926161
1466,114.2981028,31.28836817
1467,114.2828131,31.27158672
1468,114.3045871,31.24890838
1469,114.3093546,31.26390762
1470,114.295271,31.26296484
1471,114.3033569,31.30186587
1472,114.2985839,31.3119172
1473,114.2883334,31.31619046
1474,114.2962645,31.33480565
1475,114.2802806,31.32925285
1476,114.2801378,31.29744952
1477,114.4563513,31.10023495
1478,114.4616082,31.08063459
1479,114.4535798,31.11732642
1480,114.4593779,31.10189909
1481,114.4361244,31.08668071
1482,114.4317473,31.10275212
1483,114.4416079,31.10533686
1484,114.4229889,31.11993449
1485,114.4104646,31.11212852
1486,114.3958337,31.11824591
1487,114.3960298,31.13856643
1488,114.4116038,31.13130942
1489,114.4092496,31.15790281
1490,114.4158174,31.14690071
1491,114.4280574,31.14985131
1492,114.4407856,31.13266706
1493,114.4372328,31.14482978
1494,114.4418432,31.16452729
1495,114.4283933,31.17205265
1496,114.4379636,31.18156383
1497,114.458584,31.15751287
1498,114.4647715,31.14206757
1499,114.4789534,31.15131287
1500,114.5085478,31.12364787
1501,114.4957892,31.13499669
1502,114.4797326,31.12472776
1503,114.471911,31.07994522
1504,114.4945127,31.06145553
1505,114.5077549,31.08169071
1506,114.4920017,31.09538684
1507,114.5164297,31.0941139
1508,114.5021645,31.10558021
1509,114.4549545,31.05913008
1510,114.4674183,31.04092474
1511,114.4022806,31.06814016
1512,114.3817692,31.02938814
1513,114.3990542,31.04744159
1514,114.3656367,31.02446485
1515,114.3509062,31.04046529
1516,114.3837656,31.11609855
1517,114.3721151,31.10741154
1518,114.3859607,31.09383678
1519,114.3837858,30.80168454
1520,114.3930435,30.80217279
1521,114.403999,30.79522414
1522,114.3882548,30.81371277
1523,114.4009023,30.78201116
1524,114.4000617,30.79838833
1525,114.4120051,30.81109801
1526,114.4083232,30.81581099
1527,114.401589,30.80507757
1528,114.417017,30.80969017
1529,114.4192874,30.80537402
1530,114.3066207,30.69975466
1531,114.2482448,30.7287658
1532,114.2493366,30.69135297
1533,114.2429287,30.70850898
1534,114.236433,30.73614834
1535,114.2707949,30.71566792
1536,114.2919105,30.69750033
1537,114.2935824,30.70355314
1538,114.2870798,30.70054231
1539,114.2778645,30.70912095
1540,114.2822614,30.70680974
1541,114.2497973,30.71136305
1542,114.2571033,30.72374535
1543,114.2638508,30.72988453
1544,114.2601377,30.72531401
1545,114.2581683,30.7132199
1546,114.2581015,30.7169784
1547,114.3013816,30.69329905
1548,114.3092201,30.69657179
1549,114.290013,30.70288073
1550,114.3067263,30.69744857
1551,114.254999,30.70692536
1552,114.2453748,30.73389034
1553,114.2351408,30.72737862
1554,114.2466397,30.71474568
1555,114.2371455,30.70325822
1556,114.2750301,30.71268837
1557,114.2308966,30.744906
1558,114.2905613,30.72471792
1559,114.2105436,30.73911118
1560,114.220324,30.72201175
1561,114.2169267,30.70073972
1562,114.1971177,30.73085781
1563,114.1909192,30.7390728
1564,114.3111899,30.69099812
1565,114.3063684,30.69311193
1566,114.3130526,30.69324139
1567,114.3088258,30.69530554
1568,114.7974044,30.84463764
1569,114.7909366,30.84390742
1570,114.7933529,30.84784863
1571,114.796691,30.85008299
1572,114.8039166,30.85204417
1573,114.804923,30.84573417
1574,114.7968644,30.83704
1575,114.790984,30.83511164
1576,114.8049416,30.83683018
1577,114.8003046,30.84594536
1578,114.7966322,30.85399376
1579,114.8099263,30.84872298
1580,114.8093961,30.83670091
1581,114.8095147,30.84328178
1582,114.8009666,30.83917041
1583,114.8079861,30.8288368
1584,114.7918704,30.82681265
1585,114.8011508,30.86132972
1586,114.8132908,30.84335791
1587,114.7980715,30.85959755
1588,114.8076546,30.8576702
1589,114.7890222,30.81771776
1590,114.8080057,30.82691341
1591,114.7994569,30.82729232
1592,114.8034469,30.87187451
1593,114.8479783,30.87250959
1594,114.8596015,30.87373913
1595,114.8361273,30.87314319
1596,114.8220669,30.86179538
1597,114.8289485,30.85114783
1598,114.8407627,30.88816309
1599,114.8166117,30.87865635
1600,114.8224883,30.89640482
1601,114.8455876,30.84943717
1602,114.7877611,30.82980623
1603,114.8144175,30.83514008
1604,114.8009172,30.83321567
1605,114.7606037,30.8384303
1606,114.7618973,30.89154392
1607,114.7567722,30.8802156
1608,114.7601582,30.87175714
1609,114.7653205,30.86211043
1610,114.7714333,30.85454784
1611,114.7735102,30.84804488
1612,114.7755951,30.83764246
1613,114.7603934,30.82292366
1614,114.7435961,30.82160954
1615,114.7456718,30.83064826
1616,114.7687148,30.83049182
1617,114.7694469,30.80295959
1618,114.770577,30.81562748
1619,114.7588697,30.80913241
1620,114.7480341,30.79760953
1621,114.7598828,30.78274985
1622,114.7722842,30.78891175
1623,114.8008617,30.77441554
1624,114.7858067,30.78744072
1625,114.7743327,30.77658685
1626,114.7826471,30.77067527
1627,114.7972116,30.753935
1628,114.5544931,30.65657756
1629,114.5734202,30.66481778
1630,114.5751483,30.65733205
1631,114.5687654,30.67991779
1632,114.5614843,30.67386329
1633,114.5624267,30.65792715
1634,114.5652096,30.66103961
1635,114.5571207,30.6625441
1636,114.5592875,30.65383089
1637,114.5582378,30.66584595
1638,114.5621476,30.66846878
1639,114.5764154,30.64944246
1640,114.5692677,30.65208344
1641,114.5671319,30.6663378
1642,114.5711465,30.6729025
1643,114.5686494,30.63306299
1644,114.5724642,30.6563335
1645,114.5631362,30.64943961
1646,114.5696046,30.67506759
1647,114.5613447,30.64705237
1648,114.5659987,30.64589052
1649,114.579197,30.67481115
1650,114.5791611,30.65123729
1651,114.5702515,30.63788802
1652,114.600337,30.67846016
1653,114.5755417,30.66101996
1654,114.5750251,30.65803122
1655,114.5725268,30.65508865
1656,114.5903044,30.68511229
1657,114.588091,30.73003174
1658,114.5695661,30.7494746
1659,114.5697903,30.72914856
1660,114.5772917,30.73447645
1661,114.558923,30.7351157
1662,114.5906156,30.70212902
1663,114.5995711,30.72224987
1664,114.6021595,30.71173078
1665,114.6107618,30.6855955
1666,114.5921404,30.71513058
1667,114.6118968,30.70119752
1668,114.5313163,30.70523101
1669,114.5152524,30.71099861
1670,114.5279045,30.7008391
1671,114.5052382,30.71617666
1672,114.5359027,30.72587927
1673,114.5220825,30.71499082
1674,114.5266741,30.71704898
1675,114.5151382,30.73796422
1676,114.5287543,30.69427794
1677,114.5022113,30.75602181
1678,114.6156778,30.7111981
1679,114.6242561,30.69954489
1680,114.6282174,30.69172698
1681,114.6268051,30.71796161
1682,114.6113414,30.71576138
1683,114.6132765,30.72608513
1684,114.6070001,30.73564115
1685,114.6136641,30.74048837
1686,114.6221751,30.7450054
1687,114.6226786,30.72936209
1688,114.649584,30.7429291
1689,114.6464272,30.72712082
1690,114.6525635,30.71269151
1691,114.6441507,30.6900089
1692,114.6459796,30.68214687
1693,114.6298382,30.6778153
1694,114.6335188,30.66239539
1695,114.6461973,30.67098318
1696,114.6325005,30.66037363
1697,114.6115003,30.66035034
1698,114.624171,30.65306785
1699,114.6172753,30.63672646
1700,114.6350037,30.65245909
1701,114.6461451,30.64533908
1702,114.6552625,30.66027085
1703,114.6610194,30.65220913
1704,114.66137,30.63109155
1705,114.6709507,30.61621805
1706,114.6477573,30.62545385
1707,114.585002,30.71198597
1708,114.5960745,30.83797602
1709,114.5954377,30.83477224
1710,114.6001435,30.83656323
1711,114.6394604,30.90245454
1712,114.610275,30.79265403
1713,114.6213495,30.86655625
1714,114.628903,30.85351569
1715,114.6226967,30.83438638
1716,114.6115792,30.84622884
1717,114.6011348,30.84947269
1718,114.6030885,30.8343686
1719,114.5964754,30.84045755
1720,114.5937595,30.82942346
1721,114.6023385,30.83534855
1722,114.6096914,30.86735776
1723,114.6201963,30.81211311
1724,114.6259485,30.81957515
1725,114.6115793,30.82112046
1726,114.6246817,30.80290553
1727,114.6042093,30.81229466
1728,114.5916696,30.80378843
1729,114.6039823,30.79639203
1730,114.6139939,30.79681975
1731,114.6190396,30.78137964
1732,114.6333981,30.77828843
1733,114.6275497,30.79078913
1734,114.5944572,30.81478616
1735,114.591487,30.78012005
1736,114.5517039,30.76888787
1737,114.6036489,30.78635474
1738,114.5791854,30.77969289
1739,114.5832326,30.79288813
1740,114.6068547,30.77799375
1741,114.5168206,30.78386959
1742,114.5568192,30.79869078
1743,114.5458216,30.78355621
1744,114.5289798,30.79722731
1745,114.5665205,30.78014899
1746,114.6024262,30.75473013
1747,114.62035,30.76019235
1748,114.636483,30.75044539
1749,114.5888748,30.76246401
1750,114.5965923,30.74340638
1751,114.5289706,30.74625096
1752,114.5182201,30.76654401
1753,114.5161033,30.75964602
1754,114.5315568,30.75821044
1755,114.6629335,30.89014471
1756,114.6522683,30.89230857
1757,114.6400273,30.89454177
1758,114.6371064,30.87267528
1759,114.6479439,30.87465584
1760,114.6483246,30.8611739
1761,114.6388189,30.88415708
1762,114.6560171,30.87457921
1763,114.6608133,30.88423919
1764,114.6510666,30.91801882
1765,114.6514974,30.90770185
1766,114.6651654,30.90503015
1767,114.6710769,30.91859236
1768,114.6592904,30.93374321
1769,114.6355293,30.92914669
1770,114.6165339,30.91975849
1771,114.6357809,30.9130517
1772,114.6226728,30.90580069
1773,114.6155854,30.8937056
1774,114.6195647,30.8787194
1775,114.6293128,30.8904001
1776,114.5438514,30.74292034
1777,114.5347084,30.78872817
1778,114.5430013,30.75914408
1779,114.6095704,30.82701825
1780,114.5995429,30.83310662
1781,114.6647187,30.8059627
1782,114.7043352,30.77937928
1783,114.7015903,30.76996369
1784,114.7078459,30.77693858
1785,114.7038481,30.78352905
1786,114.6897814,30.77881433
1787,114.6736046,30.75735459
1788,114.687185,30.76930699
1789,114.7124768,30.79763002
1790,114.7083466,30.74971296
1791,114.7101548,30.71761696
1792,114.7188123,30.73386078
1793,114.690022,30.72767484
1794,114.7136854,30.76932648
1795,114.6737286,30.7383624
1796,114.6827529,30.70972568
1797,114.6869785,30.75120653
1798,114.6986093,30.75891568
1799,114.7457628,30.73070059
1800,114.7395746,30.75973811
1801,114.7578251,30.77147889
1802,114.7506818,30.74586314
1803,114.7628894,30.76050927
1804,114.733271,30.79342603
1805,114.7321576,30.80775382
1806,114.7398193,30.77781965
1807,114.7377323,30.76974343
1808,114.7271771,30.78589353
1809,114.6633096,30.79527821
1810,114.6615846,30.76784792
1811,114.6481382,30.77053435
1812,114.6747484,30.78727605
1813,114.6638064,30.78113984
1814,114.6786748,30.77377172
1815,114.6489453,30.78583439
1816,114.6924926,30.81393064
1817,114.680142,30.80711663
1818,114.6867752,30.79484809
1819,114.7017179,30.80114804
1820,114.7002635,30.82006216
1821,114.6911564,30.82742632
1822,114.6688687,30.82956197
1823,114.6766599,30.82258816
1824,114.6655432,30.81441913
1825,114.6562016,30.80460052
1826,114.6492875,30.80308501
1827,114.6428245,30.79403786
1828,114.6591896,30.82191719
1829,114.6506931,30.84918392
1830,114.6644206,30.84607682
1831,114.6414379,30.84218597
1832,114.6466879,30.83228445
1833,114.6423274,30.81807516
1834,114.6511931,30.82117084
1835,114.6596264,30.83148835
1836,114.6697213,30.72388219
1837,114.6682261,30.87520135
1838,114.7377158,30.85628061
1839,114.6685468,30.87076047
1840,114.6779678,30.84265006
1841,114.6880789,30.83317754
1842,114.6914789,30.84469475
1843,114.6943285,30.85892869
1844,114.6843277,30.86134132
1845,114.6781352,30.85480536
1846,114.6653546,30.85993252
1847,114.6783902,30.8765948
1848,114.672527,30.88536612
1849,114.6868315,30.87274981
1850,114.6985232,30.87148788
1851,114.6751336,30.8678795
1852,114.7033983,30.88578474
1853,114.6964939,30.89109901
1854,114.6929965,30.90245657
1855,114.6782194,30.89928995
1856,114.6802025,30.91281843
1857,114.6944873,30.92251553
1858,114.6731425,30.92915689
1859,114.6760098,30.93837341
1860,114.6913941,30.94269566
1861,114.7364362,30.85426614
1862,114.7548036,30.84864148
1863,114.7487589,30.85794466
1864,114.7454908,30.8424914
1865,114.7211445,30.85079507
1866,114.7415161,30.85253473
1867,114.7166603,30.84028928
1868,114.7084198,30.83292338
1869,114.7308481,30.83331951
1870,114.7182048,30.8206517
1871,114.7323618,30.81935094
1872,114.70993,30.80960551
1873,114.7387175,30.87207882
1874,114.7137962,30.85944464
1875,114.7188824,30.89279013
1876,114.7239144,30.87947555
1877,114.7239678,30.86749929
1878,114.7331423,30.89245101
1879,114.7064787,30.85082768
1880,114.7092798,30.86991873
1881,114.7383886,30.86170288
1882,114.7878576,30.92838953
1883,114.8617953,30.92054185
1884,114.7809238,30.89320805
1885,114.7896801,30.90784661
1886,114.7978378,30.89670153
1887,114.7864703,30.87781219
1888,114.800154,30.88123595
1889,114.8047251,30.93674336
1890,114.7980303,30.92255672
1891,114.7753964,30.91512314
1892,114.7982152,30.91240376
1893,114.7911329,30.93151423
1894,114.7879153,30.92233837
1895,114.7971164,30.93025857
1896,114.8054964,30.92834648
1897,114.7681421,30.93013075
1898,114.7814036,30.92870365
1899,114.7690413,30.91050866
1900,114.8072397,30.95933604
1901,114.7674808,30.96050009
1902,114.8114473,30.94934343
1903,114.7994576,30.95458651
1904,114.79473,30.94716222
1905,114.7834526,30.95768582
1906,114.7708671,30.95298836
1907,114.7804554,30.94362497
1908,114.8007663,30.9433378
1909,114.788739,30.98952934
1910,114.7997195,30.99437309
1911,114.7896381,30.99828142
1912,114.7821068,30.98721621
1913,114.7755789,30.96688158
1914,114.7767514,30.97469126
1915,114.7954504,30.98628103
1916,114.8007284,30.98083777
1917,114.7968028,30.96378725
1918,114.7935813,30.96921053
1919,114.8614748,30.91840369
1920,114.8525757,30.90474177
1921,114.8403055,30.91111284
1922,114.8490936,30.92012166
1923,114.8215115,30.92561108
1924,114.8251317,30.91331587
1925,114.8155806,30.90896862
1926,114.8742336,30.90314376
1927,114.876279,30.91828705
1928,114.8599451,30.92701042
1929,114.8708504,30.9247281
1930,114.8799825,30.93134045
1931,114.833633,30.92084259
1932,114.8731225,30.95868021
1933,114.8203188,30.93472208
1934,114.826347,30.94660308
1935,114.8326465,30.93389531
1936,114.8847774,30.9435192
1937,114.852528,30.94343239
1938,114.8529288,30.93412034
1939,114.8694006,30.94644413
1940,114.8745765,30.93783826
1941,114.838232,30.93964592
1942,114.9081177,30.91500015
1943,114.886663,30.90673472
1944,114.8808607,30.89079772
1945,114.8689035,30.88288359
1946,114.908078,30.90452196
1947,114.905566,30.92628275
1948,114.8970412,30.91348504
1949,114.8639661,30.89017498
1950,114.8609831,30.89757913
1951,114.8855851,30.8842424
1952,114.7894041,30.97506907
1953,114.8903087,30.99972268
1954,114.8913095,31.00053793
1955,114.8880114,30.99988127
1956,114.8849224,30.99282866
1957,114.8982637,30.99032661
1958,114.8937547,30.97665434
1959,114.9152202,31.00902028
1960,114.8756025,30.97637342
1961,114.8589921,30.99031168
1962,114.8743024,30.99676796
1963,114.8854883,31.00399112
1964,114.9325007,31.03164039
1965,114.9006578,31.00079572
1966,114.9144362,30.98922299
1967,114.9134267,31.0018877
1968,114.9460365,30.98026874
1969,114.9631555,30.98010926
1970,114.9291508,30.97928361
1971,114.9736559,30.99872005
1972,114.9736599,31.01824935
1973,114.9397262,30.99140081
1974,114.928553,30.99485562
1975,114.9439577,30.96581529
1976,114.9014404,30.94095565
1977,114.9193108,30.96859188
1978,114.9185312,30.95731491
1979,114.9062979,30.95190714
1980,114.9040587,30.97183164
1981,114.8965432,30.92948991
1982,114.8916004,30.96030441
1983,114.9200695,30.83553025
1984,114.9478891,30.89867012
1985,114.9034863,30.87173144
1986,114.9235139,30.83332125
1987,114.9202584,30.83533679
1988,114.9041446,30.79104884
1989,114.9057809,30.79996139
1990,114.9128744,30.81056104
1991,114.9174013,30.8242494
1992,114.8842529,30.81604349
1993,114.9334701,30.83487318
1994,114.9331941,30.84649373
1995,114.9322474,30.85344268
1996,114.9445382,30.85105845
1997,114.9430308,30.8427822
1998,114.9099903,30.83122479
1999,114.9108728,30.82988687
2000,114.8999706,30.8210914
2001,114.9028572,30.83292536
2002,114.9023769,30.85213803
2003,114.9128338,30.84698901
2004,114.8900306,30.85043273
2005,114.8894549,30.86556631
2006,114.9115428,30.86453605
2007,114.9140119,30.85544801
2008,114.8884907,30.8749773
2009,114.9534449,30.82865967
2010,114.9378871,30.80975416
2011,114.9475856,30.78967134
2012,114.8982289,30.80780027
2013,114.8716553,30.81034932
2014,114.8827067,30.80617313
2015,114.8665154,30.81785153
2016,114.8904136,30.80032747
2017,114.8953253,30.8385188
2018,114.8807332,30.82883548
2019,114.8864087,30.82600963
2020,114.9092971,30.83689399
2021,114.9113705,30.8340399
2022,114.9686177,30.8908102
2023,114.9516852,30.90044222
2024,114.9477466,30.89340346
2025,114.9362944,30.89296457
2026,114.9301054,30.89677906
2027,114.9287122,30.88320965
2028,114.9225272,30.87202182
2029,114.9237299,30.86097683
2030,114.9190116,30.90209106
2031,114.962087,30.86841301
2032,114.9555832,30.8557126
2033,114.9607181,30.84546346
2034,114.9717471,30.82487601
2035,114.9595626,30.88029537
2036,114.9679881,30.8622354
2037,114.9816586,30.84480455
2038,114.948514,30.8710395
2039,114.938465,30.86608837
2040,114.9380114,30.87976919
2041,114.9377979,30.87661517
2042,114.9440504,30.8967953
2043,114.9003969,30.86652759
2044,114.8961541,30.88960457
2045,114.9049947,30.87815246
2046,114.9138658,30.88802648
2047,114.8796757,30.86911305
2048,114.5744409,30.62512623
2049,114.8342136,30.64384747
2050,114.8306543,30.64467567
2051,114.6493559,30.6023591
2052,114.5882659,30.63251513
2053,114.583473,30.62324017
2054,114.5766733,30.61964079
2055,114.5963884,30.61650419
2056,114.5867063,30.64533846
2057,114.595423,30.62560633
2058,114.6143322,30.62217271
2059,114.5957028,30.61520832
2060,114.5961439,30.60415265
2061,114.6125236,30.60430056
2062,114.6146118,30.59697451
2063,114.6550576,30.58743372
2064,114.6466904,30.5892435
2065,114.6357872,30.59849499
2066,114.6376644,30.59436811
2067,114.6276357,30.60134555
2068,114.6241559,30.59315538
2069,114.6298207,30.59120151
2070,114.6645872,30.58767972
2071,114.6739589,30.59173662
2072,114.6913332,30.59303403
2073,114.7048378,30.59678758
2074,114.7172752,30.60267693
2075,114.7322166,30.61138749
2076,114.7638228,30.69944163
2077,114.761677,30.68640347
2078,114.743281,30.64329934
2079,114.7554718,30.66090238
2080,114.7454971,30.67020152
2081,114.7470535,30.62754878
2082,114.7549535,30.63326441
2083,114.7575137,30.62256744
2084,114.8003853,30.63406753
2085,114.8266194,30.63786903
2086,114.8353668,30.64442169
2087,114.7407478,30.62062389
2088,114.7015233,30.68988557
2089,114.7191017,30.69092493
2090,114.7493644,30.7102862
2091,114.7417893,30.68593295
2092,114.690087,30.68157694
2093,114.7739974,30.69261385
2094,114.7754063,30.6503364
2095,114.7193716,30.67362562
2096,114.7309302,30.70818011
2097,114.6101965,30.61488326
2098,114.815083,30.7761678
2099,114.8225761,30.83203945
2100,114.8152445,30.77016622
2101,114.8180952,30.78496509
2102,114.8162467,30.76283192
2103,114.8088018,30.74204364
2104,114.8205607,30.7777128
2105,114.8026832,30.80918359
2106,114.8388183,30.75892907
2107,114.8340488,30.78864976
2108,114.8357067,30.77144075
2109,114.8444693,30.78712692
2110,114.8448368,30.77235788
2111,114.8486602,30.80029008
2112,114.8574151,30.77023423
2113,114.8679616,30.78327441
2114,114.8577553,30.7590629
2115,114.860126,30.77840005
2116,114.864264,30.79353625
2117,114.8551277,30.81621454
2118,114.8173429,30.75418546
2119,114.8124025,30.79390435
2120,114.7959747,30.79922371
2121,114.8082161,30.78879763
2122,114.8565334,30.83374905
2123,114.8685216,30.83222771
2124,114.8603797,30.8506827
2125,114.8636464,30.80405594
2126,114.8140266,30.82237735
2127,114.8276712,30.82444876
2128,114.8316627,30.81230641
2129,114.8251428,30.79864875
2130,114.8656373,30.76844532
2131,114.8464694,30.81106625
2132,114.8618125,30.86221154
2133,114.8734824,30.84436874
2134,114.875147,30.85999617
2135,114.8468642,30.82262546
2136,114.8431089,30.83482127
2137,114.8313132,30.83968217
2138,114.8199461,30.81106807
2139,114.8143222,30.80122047
2140,114.9725028,30.94858917
2141,114.9650889,30.96503536
2142,114.9577458,30.94912371
2143,114.9762676,30.94929895
2144,114.9710186,30.94056744
2145,114.9811919,30.98922471
2146,114.9607814,30.9328825
2147,114.9777986,30.96805198
2148,114.9837575,30.9387733
2149,114.9172361,30.94565953
2150,114.9202064,30.93505987
2151,114.9330274,30.9495009
2152,114.9476531,30.94745179
2153,114.9381483,30.93411886
2154,114.930577,30.91686394
2155,114.9819955,30.93049352
2156,114.9753706,30.92994571
2157,114.9687513,30.92082869
2158,114.9843482,30.91148243
2159,114.9771549,30.90130219
2160,114.9452556,30.91168239
2161,114.9571705,30.91695553
2162,114.9957136,30.91841995
2163,114.9948343,30.92766184
2164,114.9731669,30.91127708
2165,115.03499,30.86508873
2166,114.993457,30.90344064
2167,115.0134767,30.91896556
2168,115.0310873,30.89608326
2169,115.0390951,30.90836341
2170,115.0615195,30.88762225
2171,115.0462217,30.87734537
2172,114.9695236,30.95153205
2173,114.7517567,30.92660948
2174,114.7510651,30.92498802
2175,114.7092616,30.97165448
2176,114.7145498,30.95462894
2177,114.7321417,30.95297231
2178,114.7213126,30.91996775
2179,114.714093,30.93424449
2180,114.7333598,30.92750132
2181,114.7147689,30.90689526
2182,114.7491887,30.89659762
2183,114.7541791,30.90950908
2184,114.7354133,30.9104843
2185,114.7463671,30.94228621
2186,114.7580129,30.94530411
2187,114.7472808,30.98983627
2188,114.7524938,30.97980226
2189,114.7514529,30.96355349
2190,114.7443393,30.97033496
2191,114.731993,30.98133566
2192,114.7282335,30.96992682
2193,114.9798673,30.87902472
2194,114.9773894,30.8771424
2195,114.9946159,30.88469538
2196,115.0109104,30.87387859
2197,115.0103049,30.88641245
2198,114.989358,30.86789708
2199,114.9843082,30.88035989
2200,114.664332,30.59641033
2201,114.7753918,30.74849569
2202,114.7917422,30.74411157
2203,114.7641157,30.7297139
2204,114.7761078,30.7275956
2205,114.774957,30.71544325
2206,114.7737401,30.73965089
2207,114.772035,30.72027858
2208,114.7847032,30.70686982
2209,114.7936182,30.69175496
2210,114.7831608,30.69484756
2211,114.7865181,30.6855298
2212,114.7917057,30.66884119
2213,114.7861145,30.66533512
2214,114.7873614,30.65914283
2215,114.7775779,30.66562078
2216,114.7812181,30.67248517
2217,114.8030722,30.65951041
2218,114.8099724,30.65856433
2219,114.8197446,30.66264209
2220,114.828599,30.65408391
2221,114.8353371,30.64763846
2222,114.7943621,30.65488579
2223,114.7938829,30.67227605
2224,114.7783075,30.73235919
2225,114.783836,30.71585753
2226,114.7885839,30.676588
2227,114.6318117,30.60892684
2228,114.6464137,30.60607751
2229,114.658996,30.59869527
2230,114.6757836,30.59823822
2231,114.6920933,30.60946912
2232,114.7037061,30.61171449
2233,114.7173684,30.61482988
2234,114.6809335,30.60279414
2235,114.6687702,30.59642053
2236,114.6531286,30.61597772
2237,114.5366224,30.70706801
2238,114.5452626,30.71434228
2239,114.5450296,30.7017089
2240,114.5618537,30.70628218
2241,114.5698657,30.64608046
2242,114.5648728,30.71362154
2243,114.5698789,30.64833537
2244,114.5779253,30.71006066
2245,114.5722598,30.69600638
2246,114.5582727,30.68170879
2247,114.569855,30.6941306
2248,114.5664239,30.70559049
2249,114.5728328,30.7069514
2250,114.0422185,30.40234709
2251,114.3897595,30.43870992
2252,114.3795587,30.44718564
2253,114.4398417,30.44018271
2254,114.5035054,30.38168023
2255,114.4746456,30.33463564
2256,114.3860359,30.43744743
2257,114.0136791,30.45752613
2258,114.0368339,30.4417474
2259,114.0605082,30.51420538
2260,114.1226698,30.62429374
2261,114.2355268,30.63648394
2262,113.8336038,30.43675569
